spawns:
  default:
    world: 813c498e-34b6-4664-b8e2-927358b910ae
    world-name: Spawn
    x: 101.4959123910665
    y: 239.0
    z: 96.50430183433198
    yaw: -0.9134994745254517
    pitch: 0.9433180689811707
